# Created by Octave 6.4.0, Tue Mar 22 10:50:51 2022 GMT <unknown@LENOVO-YOGA>
# name: grades
# type: matrix
# rows: 120
# columns: 4
 65 77 69 75
 61 74 70 66
 81 80 71 74
 88 76 80 88
 69 77 74 69
 89 93 78 77
 55 64 60 50
 84 83 80 77
 86 75 81 87
 84 82 86 92
 71 70 73 81
 81 88 80 79
 84 78 80 74
 81 77 81 83
 78 66 90 84
 67 74 73 76
 96 87 80 78
 66 69 75 68
 73 75 64 76
 75 68 82 85
 59 64 67 60
 71 71 69 78
 69 68 68 60
 63 75 75 69
 79 83 91 90
 76 80 80 69
 63 67 62 66
 85 78 88 79
 87 84 85 90
 88 91 89 81
 80 76 73 75
 71 73 76 90
 65 67 69 64
 84 89 85 83
 71 67 62 73
 75 75 73 65
 81 72 56 69
 79 69 65 64
 64 71 78 69
 65 72 65 71
 84 72 84 78
 77 81 85 86
 70 77 80 82
 75 71 67 68
 84 77 59 59
 75 77 75 85
 73 67 82 71
 92 75 71 73
 90 83 88 78
 79 74 65 70
 80 74 83 79
 71 81 69 52
 73 67 82 76
 71 69 82 88
 58 63 66 72
 79 73 70 69
 73 77 74 72
 64 79 83 70
 77 86 79 93
 82 73 76 91
 81 84 74 88
 59 71 66 76
 54 67 67 66
 82 84 69 63
 57 71 63 67
 79 78 70 82
 79 68 71 87
 73 68 82 70
 74 77 78 85
 82 84 86 88
 63 70 72 78
 64 69 77 67
 73 81 73 76
 69 81 71 74
 87 77 78 73
 68 66 74 69
 81 76 78 74
 73 75 78 68
 83 83 89 91
 73 77 70 75
 80 78 76 70
 73 77 79 81
 73 74 70 74
 71 72 75 64
 66 68 84 75
 78 75 77 74
 64 78 75 77
 74 71 75 74
 68 74 73 71
 67 70 67 73
 75 88 81 81
 75 70 72 68
 80 74 72 72
 85 76 86 84
 74 71 60 69
 76 79 79 80
 80 62 59 60
 77 77 72 75
 93 80 80 78
 70 71 67 66
 86 72 73 84
 80 79 72 85
 81 76 81 69
 83 77 78 74
 68 71 77 82
 60 64 70 66
 85 74 72 68
 64 63 66 71
 74 68 78 76
 82 78 72 76
 81 69 68 66
 77 73 75 78
 66 79 78 93
 85 76 73 72
 75 84 85 81
 81 89 83 85
 69 63 73 70
 60 69 74 66
 83 79 86 74
 72 83 77 69


